400 400  |  0
0 0  |  0
0 400  |  0
400 0  |  0
173.5240724167 65.1895695513  |  0.0488512843226878
214.4138475289 82.3446106425  |  0.0884590952387208
198.244167589 40.0363808349  |  0.0314797161179687
232.6851502881 66.7201491528  |  0.0304003789711891
190.361608908 98.4270731329  |  0.116589822815155
235.4396706515 125.5550575321  |  0.279031566793326
281.9994067195 360.4770024702  |  0.0513591621734773
326.8941907489 305.0509225481  |  0.0728185438492105
271.428920584 198.9481113491  |  0.451940850035289
297.8688463217 223.4301746764  |  0.365753086869769
184.6479970203 176.7000711032  |  0.672309831160965
193.7438647008 218.1098947674  |  0.866216155791823
129.5644148962 66.8464920789  |  0.0328571428571429
255.2189347417 240.704404752  |  0.47515821362239
11.0166100836436 202.3491372727  |  0.008
2.9300962213 237.74866091  |  0.0100651196201742
48.7637216274 273.8842799435  |  0.0502159511624969
72.5949555608 331.1059462855  |  0.025
169.2646991782 285.7544906237  |  0.604540577996281
195.939070632 268.7858313029  |  0.713771768988362
83.1628854854 77.8903094079  |  0.0333333333333333
168.2799805814 7.98244085534589  |  0.008
128.069273339 28.2088633176  |  0.01
309.7903555907 138.7530158931  |  0.149986304758184
325.0415894539 73.5118510644  |  0.0254361641178667
286.2701102816 271.3315893509  |  0.213184197339321
287.6156171682 332.9033207871  |  0.06940755103703
92.7739197556 188.5213361415  |  0.374599527594392
117.4727417923 198.7575499424  |  0.497383857854197
93.4497387094 360.6728484923  |  0.024
84.9080674146 385.479657146  |  0.0075
103.6951132911 267.9626259882  |  0.260661289812802
128.5090916114 301.4568066195  |  0.17911576592928
131.9221469006 165.2931736166  |  0.401729314879214
144.8704075463 190.3118731513  |  0.655769182507177
26.7800279883 209.1886496807  |  0.0427223956804034
56.4515049389 190.4166357439  |  0.181952056310642
8.9569288154 317.0801865173  |  0.008
41.0474825452 354.651437049  |  0.008
238.4139156068 70.2561498892  |  0.0291011181999546
150.2307026569 100.5950077046  |  0.0865472764605526
12.5561544730124 78.8848964986  |  0.008
43.4069977294 90.7429179465  |  0.02
159.5069590894 36.6501827432  |  0.025
218.2459692977 251.2729028536  |  0.600708974158319
100.9016230898 227.7771561491  |  0.424552702043126
144.5936428367 233.6119403138  |  0.709155905411709
210.6762669711 294.0329129536  |  0.484573120464861
244.921450777 282.5473795063  |  0.284110091949431
328.5087122658 243.3800764189  |  0.21137130844216
365.0953234003 247.794909766  |  0.0501760428993509
222.368449815 209.9662496615  |  0.654902369885604
196.6621763147 246.3617855506  |  0.835392761177897
16.1512099609 8.9346526805  |  0.005
5.60088511817199 27.3039084201  |  0.005
52.4856843611 45.3151768837  |  0.0185714285714286
158.9202036078 320.5252786325  |  0.286967354571009
177.2771999682 351.703177047  |  0.149549602349174
136.4070243045 132.3531513171  |  0.181566648700577
130.3899586714 343.2328074444  |  0.0613327558560829
275.9644007656 138.8547834521  |  0.29837748517153
60.4520006385 129.4317407616  |  0.0392271698033441
107.3430307925 105.5174613844  |  0.0569647609228191
181.4856792968 134.6813648556  |  0.299659487717354
348.7905620758 184.9260812393  |  0.135560429503265
186.7232955065 317.1346755628  |  0.402354503900801
206.7347713455 15.2879016545079  |  0.008
239.0797470346 27.2201103787  |  0.01
221.4115003507 156.0996804155  |  0.494879377216372
73.14086404 1.21046323385577  |  0.008
251.8814364115 96.5285490526  |  0.0937070282267535
2.63300705823722 95.0999920742  |  0.005
19.8863336306 122.0632145727  |  0.008
172.08965694 246.0263633777  |  0.855078454828964
135.6155290727 217.4112630715  |  0.615655700919218
164.9119860638 208.1261242724  |  0.835416662019786
272.6526404558 165.9067323942  |  0.349554925195079
137.954165798 256.992118494  |  0.575992627100356
102.5710632412 329.5171498842  |  0.044
135.3645947863 279.7130398489  |  0.345536220894734
273.8473913487 66.3584646541  |  0.0148687194622873
279.2824711063 111.3935246922  |  0.152710894931618
85.7088566281 296.4910260254  |  0.0721677137506797
62.0760065202 245.1908585365  |  0.155128870769452
84.0299155267 264.3656567926  |  0.203530004549598
216.1764110416 345.4536595024  |  0.18039498881445
235.8058869547 321.8449142959  |  0.221440997185956
214.1854216932 376.7791139685  |  0.0576057697585527
177.1848699926 22.2664015774  |  0.018
206.1459462293 327.6821591621  |  0.370104329824477
14.0673701642 186.2963780788  |  0.0132860582009918
14.3133451916 202.0929776092  |  0.0166666666666667
230.7145885598 182.6531162623  |  0.55860928422151
24.3901076235 166.9222818864  |  0.0305598630324644
101.5133010988 139.4963437713  |  0.130331189336461
83.7910261743 161.0641441535  |  0.181004008502239
308.9137338036 256.0025605699  |  0.264528113516838
142.9521113339 285.7218387817  |  0.459439304203926
96.2328871492 40.5413122377  |  0.022
189.1054532486 1.478278605  |  0.005
