242.0410992575 142.1720435179  |  0.395573222282246
270.2976484029 163.5637598413  |  0.652559453513812
218.3680978196 44.6579896045  |  0.00854207246727898
260.8602775477 75.3494382734  |  0.0478750629250963
310.5794801285 116.0784230025  |  0.35669241572593
339.6977670211 132.8653941569  |  0.386630181738329
106.3326108506 57.5874859198  |  0.03
141.6438979355 49.6254490555  |  0.0357142857142857
217.7151703238 175.4323689037  |  0.453053629591037
205.175587791 212.190501267  |  0.59945566015123
18.5801287785 163.4702187819  |  0.046910351043015
68.3282076022 202.1777333657  |  0.277873981735816
56.8791439644 57.7522793339  |  0.0157142857142857
69.4032956671 89.5590470793  |  0.035
150.6724735727 189.0883100604  |  0.458599368871229
169.2355857689 191.1725598605  |  0.555486263118719
86.4742533503 166.1524323594  |  0.250212119713386
280.4528108596 223.4387117866  |  0.829874836515228
315.4312579407 211.0569117665  |  0.522321935871358
128.1635546892 182.4510504671  |  0.434843886612644
151.8816589245 151.1036621404  |  0.173249805957318
172.664440613 237.5431019747  |  0.605127804233835
162.7137949954 277.0052314639  |  0.303050467583208
253.8853958075 271.2183573371  |  0.517214047186472
288.6968413568 285.4001035073  |  0.246867920325583
90.2099026716 245.0496946602  |  0.339035410670822
121.8772334663 268.4173224308  |  0.231093082662664
357.7182689985 86.8810408186  |  0.359274497607637
352.2930737055 90.6373938015  |  0.604185260563618
162.5936301015 334.9826164958  |  0.0664371503291369
212.617418826 326.5752151975  |  0.162736531583829
114.5818021823 140.5396505139  |  0.154301857163556
140.9997039887 99.2157417674  |  0.059676860723287
245.5694750843 347.2636064823  |  0.0902349518041977
276.738912913 322.1320556613  |  0.0797558189813182
138.2410304188 381.3270307766  |  0.008
274.2037106045 122.4818347518  |  0.344980410142878
337.7101452127 278.7969398793  |  0.15046484664846
352.9330307385 328.3935782622  |  0.00851669037255189
48.8125950675 310.7083964236  |  0.0315588971889668
53.3437801583 344.909246468  |  0.018
57.4139305442 239.2228937058  |  0.223483943740505
341.2519107485 104.311587587  |  0.269564106129859
122.7336802727 385.0810646343  |  0.00333333333333333
106.4169283623 84.1681297814  |  0.048
45.2028777119 374.3336002616  |  0.005
212.7208619027 256.1190272794  |  0.615863017017322
207.8839137123 295.0764438388  |  0.326579803206907
131.32972432 230.4662099816  |  0.513649179152908
307.1167655752 152.6772923898  |  0.570678940134721
333.5844759239 156.3354674172  |  0.430839455411588
357.141683194 164.4516685297  |  0.238578043222315
127.531220456 21.8471342735  |  0.02
135.8869697579 5.3655145159  |  0.008
224.636385149 99.4051223974  |  0.122422708079683
65.6248403331 272.8478230043  |  0.11403282663448
247.7731353378 305.5639136804  |  0.281932427079048
15.7731353965 274.6703422785  |  0.0132068174882514
12.5303221049 329.3431034618  |  0.008
102.6035759997 203.4338236033  |  0.489998433735668
294.9209379336 334.2713080306  |  0.02
315.6831010716 350.6943740653  |  0.008
102.1839060442 109.3438157129  |  0.0566233939429884
254.1296072535 180.1052240349  |  0.71757287472715
384.2964788568 245.3784123233  |  0.0438817635502246
382.1082395379 177.9297416081  |  0.047204019496707
159.928148517 22.6541485162  |  0.008
22.7776988523 102.9066371696  |  0.0128571428571429
94.2339918232 291.8646128977  |  0.100660730773378
176.9309980709 79.9429664841  |  0.0356028177498634
190.2384580649 136.0296203946  |  0.15051048089783
152.3616683078 24.5174091103  |  0.022
31.2145281358 216.2898340332  |  0.0873571932744414
356.0515849063 205.3712238648  |  0.236165763077804
114.7345068476 372.431628206946  |  0.0128571428571429
131.5707134709 304.6209247543  |  0.0831006594323873
326.9687666772 181.3682072464  |  0.554057857830037
336.2422860746 235.2214781477  |  0.24869192569896
21.5540976267 249.6365539149  |  0.0515531247513596
98.310897265 334.8167423892  |  0.035
244.2308781477 213.3488811487  |  0.815582510280131
173.5628244982 178.4174698979  |  0.30524265485251
254.80157154 245.9715347802  |  0.809252345052506
298.4749047853 248.2171738097  |  0.50901777755318
44.9647950629 2.5370556323  |  0.005
13.1797287341 48.5417021576  |  0.005
279.5369949036 363.0390479065  |  0.012
286.3716435017 160.2760965972  |  0.687385083317528
287.7964856029 190.0060066662  |  0.808384635977966
169.5416462987 33.153231483  |  0.022
179.6283977513 36.9526850334  |  0.008
207.5985230291 359.4005182205  |  0.0259384482592898
306.0955583323 75.875325139  |  0.284624743602728
1.08992755463809 131.6016540042  |  0.00333333333333333
93.5110361759 24.8601324739  |  0.01
126.4485396862 5.9284882645  |  0.005
314.1859681847 312.5267237247  |  0.0490546853837437
67.4945488875 126.6341551538  |  0.0607847284099644
370.0068851883 174.0333399135  |  0.178478888789424
69.7753118975 4.8137313125  |  0.005
